table-side:
  x: 2.052613777653512
  y: -0.6333263011209013
  z: 1.7468552382599605
  a_pan: -1.4853210299506219
  a_tilt: -0.5342161100911037
  a_roll: -0.014065706289940971
table-top:
  x: 0.5455459521094566
  y: -0.690919939106752
  z: 2.5622132182134547
  a_pan: 1.8244126767648763
  a_tilt: -1.5021078606826936
  a_roll: -0.2564090675245618
back:
  x: -0.07365068026973987
  y: 2.2344273790579794
  z: 2.0995896358153496
  a_pan: 3.378778930348011
  a_tilt: -0.5343100499354618
  a_roll: -0.030170360192351087
counter-top:
  x: -1.3233525072677028
  y: 0.45950331870153344
  z: 2.7618174768174755
  a_pan: 1.5492521096329608
  a_tilt: -1.5902613629743585
  a_roll: -0.015273942855716023
ceiling:
  x: 0.060565483893114655
  y: -0.32451622038877675
  z: 4.974998045988553
  a_pan: 0.0718024726515535
  a_tilt: -1.4907301731037843
  a_roll: 1.4500017493118988
front:
  x: 0.2790870560071999
  y: -2.345188203586254
  z: 1.9506274787170186
  a_pan: -0.0817142280450892
  a_tilt: -0.649971024284644
  a_roll: 0.005703803597911453
table-offsets-to-correct-position:
  table_x: -0.015142712800712364
  table_y: 0.049447003934474494
  counter_x: -0.09421871769257763
  counter_y: -0.13814908678439056
